 3 -7 7 -18 -15

0 -1 1 3 -1 -2 0 0 -1 1 0 0 0 0 -1 1 3 -1 1 -3 0 0 -1 1 0 0 -67
0 2 -2 5 -1 -4 -64
0 -12 19 0 -15 17 0 -16 14 -15 13 0 -15 14 0 -16 14 -9 9 -7 5 -8 -4 19 0 -15 13 0 -12 11 0 -9 7 -7 12 0 -15 13 0 -12 11 0 -64
0 7 -2 -5 0 0 7 -2 -3 0 0 7 -2 -3 0 8 -2 -3 2 -4 -5 0 7 -2 -5 0 0 7 -2 -3 0 0 7 -2 5 -8 8 0 0 2 -10 8 -2 -3 -2 4 0 0 -9 9 -4 4 0 -9 9 -4 7 -7 -5 7 2 -4 -5 10 -6 6 0 -10 10 0 -5 4 -64
2 2 -2 2 -2 2 -2 -2 0 2 1 -1 1 -1 -2 0 2 2 -2 2 -2 2 -2 -2 0 2 1 -1 1 -1 -2 -5 8 -1 -2 2 -2 -1 -2 -41

2 2 0 0 0 0 0 0 0 0 -2 2 1 -1 0 0 -2 0 0 -3 3 -2 0 7 0 0 0 0 0 0 0 -1 1 -1 3 -2 -2 0 0 0 0 -1 -5 0 6 -6 0 1 0 4 0 -5 0 5 -2 5 0 0 -2 -3 0 3 -1 0 0 -2 0 0 0 -3 3 -2 4 0 0 0 0 0 1 -3 2 1 -1 1 2 0 0 -2 -1 -2 3 -1 0 0 -2 10 0 -5 0 0 0 -3 0 1 0 0 0 -1 0 0 0 0 0 0 0 0 0 -2 8 -6 1 0 -3 0 3 0 -1 7 -4 -7 7 -3 0 0 3 0 -2 0 -1 8 -5 -5 9 -6 0 0 -1 0 0 0 0 0 0 0 1 -3 2 1 -1 1 2 0 0 -2 -1 -2 3 -1 3 0 -2 0 0 0 -3 -14 -1 -4 4 -2 -7 5 5 0 0 -8 -2 5 -2 0 -3 -2 12 -1 -2 -7 0 -2 4 3 4 -4 -2 -5 12 2 -7 0 4 1 0 -3 15 2 2 0 0 0 0 0 0 0 0 -2 2 1 -1 0 0 -2 0 0 -3 3 -2 0 7 0 0 0 0 0 0 0 -1 1 -1 3 -2 -2 0 0 0 0 -1 -5 0 6 -6 0 1 0 4 0 -5 0 5 -2 5 0 0 -2 -3 0 3 -1 0 0 -2 0 0 0 -3 3 -2 4 0 0 0 0 0 1 -3 2 1 -1 1 2 0 0 -2 -1 -2 3 -1 0 0 -2 -17 0 -5 0 5 0 -5 0 5 0 -5 0 5 0 -5 0 5 0 -5 0 5 0 -5 0 5 0 -5 0 5 0 -5 5 0 -5 0 5 0 -5 0 5 0 -5 0 5 0 -5 0 5 0 0 0 0 0 -5 0 8 0 0 0 -3 0 0 12 -6 -11 5 0 -5 5 0 -5 5 0 -5 5 0 -5 5 0 -5 5 0 -5 5 0 -5 5 0 -5 5 0 -5 5 0 -5 5 0 -5 8 0 0 0 0 0 0 0 0 -1 0 0 0 -2 0 0 0 0 -5 5 0 -5 5 0 -5 5 0 -5 5 0 -5 5 0 -5 5 0 -5 5 0 -5 5 0 -5 5 0 -5 5 0 -5 5 0 -5 5 0 0 0 0 12 -7 1 0 0 0 0 0 0 0 -11 0 0 0 0 5 0 -5 5 0 -5 5 0 -5 5 0 -5 5 0 -5 5 0 -5 0 0 0 0 5 0 0 0 -45

2 7 0 2 -2 2 -2 -2 -3 0 3 -3 -2 0 3 -1 -2 -2 -65
3 0 2 0 0 0 2 0 3 -5 -2 0 0 4 -4 -2 -1 3 -2 -1 -2 0 5 -5 5 -3 4 1 -5 3 0 -70